PID controller did 700 iterations.
Controller config:
	kP = 1.000000
	kI = 0.000000
	kD = 0.000000
exec time (ms) || ctrl loop (ms) || ticks || vel (m/s) || error    || ctrl action || pwm
      17.29100 ||        0.18563 ||     0 ||   0.00000 ||  0.20000 ||     0.20000 ||  51
       4.21900 ||       10.09198 ||     0 ||   0.00000 ||  0.20000 ||     0.20000 ||  51
      13.75000 ||       10.08734 ||    -1 ||  -0.00552 ||  0.20552 ||     0.20552 ||  52
       6.14600 ||       10.08677 ||     0 ||   0.00000 ||  0.20000 ||     0.20000 ||  51
       7.13600 ||       10.08818 ||     0 ||   0.00000 ||  0.20000 ||     0.20000 ||  51
       6.25000 ||       10.09141 ||     2 ||   0.01104 ||  0.18896 ||     0.18896 ||  48
      11.19700 ||       10.08490 ||     1 ||   0.00553 ||  0.19447 ||     0.19447 ||  49
       2.24000 ||       10.08411 ||     1 ||   0.00553 ||  0.19447 ||     0.19447 ||  49
       5.00000 ||       10.08490 ||     2 ||   0.01105 ||  0.18895 ||     0.18895 ||  48
       8.48900 ||       10.11932 ||     2 ||   0.01101 ||  0.18899 ||     0.18899 ||  48
       4.06300 ||       10.09089 ||     2 ||   0.01105 ||  0.18895 ||     0.18895 ||  48
       2.44800 ||       10.08656 ||     2 ||   0.01105 ||  0.18895 ||     0.18895 ||  48
       2.70800 ||       10.20198 ||     2 ||   0.01093 ||  0.18907 ||     0.18907 ||  48
       3.43800 ||       10.08948 ||     2 ||   0.01105 ||  0.18895 ||     0.18895 ||  48
       2.50000 ||       10.08578 ||     2 ||   0.01105 ||  0.18895 ||     0.18895 ||  48
       2.24000 ||       10.08563 ||     2 ||   0.01105 ||  0.18895 ||     0.18895 ||  48
       8.33300 ||       10.08641 ||     3 ||   0.01658 ||  0.18342 ||     0.18342 ||  46
      11.19800 ||       10.08547 ||     2 ||   0.01105 ||  0.18895 ||     0.18895 ||  48
       5.05200 ||       10.08505 ||     3 ||   0.01658 ||  0.18342 ||     0.18342 ||  46
      15.31200 ||       10.09146 ||     2 ||   0.01104 ||  0.18896 ||     0.18896 ||  48
       6.51100 ||       10.08963 ||     3 ||   0.01657 ||  0.18343 ||     0.18343 ||  46
       6.09400 ||       10.08990 ||     3 ||   0.01657 ||  0.18343 ||     0.18343 ||  46
       2.50000 ||       10.08625 ||     3 ||   0.01658 ||  0.18342 ||     0.18342 ||  46
       2.18800 ||       10.08526 ||     3 ||   0.01658 ||  0.18342 ||     0.18342 ||  46
       5.78100 ||       10.08484 ||     4 ||   0.02210 ||  0.17790 ||     0.17790 ||  45
      13.90600 ||       10.09344 ||     3 ||   0.01656 ||  0.18344 ||     0.18344 ||  46
       5.00000 ||       10.08854 ||     3 ||   0.01657 ||  0.18343 ||     0.18343 ||  46
       6.77100 ||       10.08719 ||     4 ||   0.02210 ||  0.17790 ||     0.17790 ||  45
       5.67700 ||       10.08557 ||     4 ||   0.02210 ||  0.17790 ||     0.17790 ||  45
       9.37500 ||       10.08385 ||     3 ||   0.01658 ||  0.18342 ||     0.18342 ||  46
       5.20800 ||       10.08552 ||     4 ||   0.02210 ||  0.17790 ||     0.17790 ||  45
      11.71800 ||       10.08740 ||     3 ||   0.01657 ||  0.18343 ||     0.18343 ||  46
       5.41600 ||       10.08693 ||     4 ||   0.02210 ||  0.17790 ||     0.17790 ||  45
       7.18800 ||       10.08906 ||     4 ||   0.02209 ||  0.17791 ||     0.17791 ||  45
       2.29200 ||       10.08708 ||     4 ||   0.02210 ||  0.17790 ||     0.17790 ||  45
       2.70800 ||       10.08167 ||     4 ||   0.02211 ||  0.17789 ||     0.17789 ||  45
       2.44700 ||       10.08151 ||     4 ||   0.02211 ||  0.17789 ||     0.17789 ||  45
       3.80200 ||       10.08771 ||     4 ||   0.02210 ||  0.17790 ||     0.17790 ||  45
       2.13600 ||       10.08583 ||     4 ||   0.02210 ||  0.17790 ||     0.17790 ||  45
       8.80200 ||       10.08677 ||     5 ||   0.02762 ||  0.17238 ||     0.17238 ||  43
       5.36400 ||       10.08479 ||     5 ||   0.02763 ||  0.17237 ||     0.17237 ||  43
       9.11400 ||       10.08698 ||     4 ||   0.02210 ||  0.17790 ||     0.17790 ||  45
       2.13500 ||       10.08609 ||     4 ||   0.02210 ||  0.17790 ||     0.17790 ||  45
       2.70900 ||       10.08734 ||     4 ||   0.02210 ||  0.17790 ||     0.17790 ||  45
       2.24000 ||       10.08630 ||     4 ||   0.02210 ||  0.17790 ||     0.17790 ||  45
       6.51000 ||       10.08703 ||     5 ||   0.02762 ||  0.17238 ||     0.17238 ||  43
      13.64600 ||       10.08776 ||     4 ||   0.02210 ||  0.17790 ||     0.17790 ||  45
       7.18700 ||       10.08787 ||     5 ||   0.02762 ||  0.17238 ||     0.17238 ||  43
      11.09400 ||       10.09146 ||     4 ||   0.02209 ||  0.17791 ||     0.17791 ||  45
       2.29200 ||       10.08437 ||     4 ||   0.02211 ||  0.17789 ||     0.17789 ||  45
       3.43700 ||       10.08807 ||     4 ||   0.02210 ||  0.17790 ||     0.17790 ||  45
       2.29100 ||       10.08547 ||     4 ||   0.02210 ||  0.17790 ||     0.17790 ||  45
       2.86400 ||       10.08818 ||     4 ||   0.02210 ||  0.17790 ||     0.17790 ||  45
       8.59400 ||       10.08536 ||     5 ||   0.02763 ||  0.17237 ||     0.17237 ||  43
       6.82300 ||       10.08818 ||     5 ||   0.02762 ||  0.17238 ||     0.17238 ||  43
       8.12500 ||       10.08490 ||     4 ||   0.02210 ||  0.17790 ||     0.17790 ||  45
       3.43700 ||       10.08729 ||     4 ||   0.02210 ||  0.17790 ||     0.17790 ||  45
       2.65600 ||       10.08646 ||     4 ||   0.02210 ||  0.17790 ||     0.17790 ||  45
       3.49000 ||       10.09568 ||     4 ||   0.02208 ||  0.17792 ||     0.17792 ||  45
       2.70900 ||       10.08432 ||     4 ||   0.02211 ||  0.17789 ||     0.17789 ||  45
       9.16700 ||       10.08505 ||     5 ||   0.02763 ||  0.17237 ||     0.17237 ||  43
       6.30200 ||       10.08604 ||     5 ||   0.02763 ||  0.17237 ||     0.17237 ||  43
      10.99000 ||       10.08969 ||     4 ||   0.02209 ||  0.17791 ||     0.17791 ||  45
       5.31300 ||       10.08500 ||     5 ||   0.02763 ||  0.17237 ||     0.17237 ||  43
       7.44700 ||       10.08823 ||     5 ||   0.02762 ||  0.17238 ||     0.17238 ||  43
       8.85400 ||       10.08469 ||     4 ||   0.02210 ||  0.17790 ||     0.17790 ||  45
       3.49000 ||       10.08818 ||     4 ||   0.02210 ||  0.17790 ||     0.17790 ||  45
       5.78100 ||       10.08547 ||     5 ||   0.02763 ||  0.17237 ||     0.17237 ||  43
       7.23900 ||       10.08750 ||     5 ||   0.02762 ||  0.17238 ||     0.17238 ||  43
       5.72900 ||       10.08542 ||     6 ||   0.03315 ||  0.16685 ||     0.16685 ||  42
      12.65600 ||       10.08875 ||     4 ||   0.02210 ||  0.17790 ||     0.17790 ||  45
       5.05200 ||       10.08552 ||     6 ||   0.03315 ||  0.16685 ||     0.16685 ||  42
      20.20900 ||       10.08625 ||     5 ||   0.02763 ||  0.17237 ||     0.17237 ||  43
       2.34400 ||       10.08484 ||     5 ||   0.02763 ||  0.17237 ||     0.17237 ||  43
       2.34400 ||       10.08458 ||     5 ||   0.02763 ||  0.17237 ||     0.17237 ||  43
       2.39600 ||       10.09328 ||     5 ||   0.02761 ||  0.17239 ||     0.17239 ||  43
      47.29200 ||       10.11135 ||     6 ||   0.03307 ||  0.16693 ||     0.16693 ||  42
      12.81300 ||       10.08708 ||     4 ||   0.02210 ||  0.17790 ||     0.17790 ||  45
      41.82200 ||       10.15708 ||     6 ||   0.03292 ||  0.16708 ||     0.16708 ||  42
      12.60500 ||       10.08990 ||     5 ||   0.02762 ||  0.17238 ||     0.17238 ||  43
       2.60400 ||       10.11271 ||     5 ||   0.02755 ||  0.17245 ||     0.17245 ||  43
       2.76000 ||       10.08750 ||     5 ||   0.02762 ||  0.17238 ||     0.17238 ||  43
       5.62500 ||       10.08500 ||     6 ||   0.03316 ||  0.16684 ||     0.16684 ||  42
      12.65600 ||       10.08703 ||     5 ||   0.02762 ||  0.17238 ||     0.17238 ||  43
       2.50000 ||       10.08552 ||     5 ||   0.02763 ||  0.17237 ||     0.17237 ||  43
       9.42700 ||       10.08792 ||     5 ||   0.02762 ||  0.17238 ||     0.17238 ||  43
       5.72900 ||       10.14406 ||     6 ||   0.03296 ||  0.16704 ||     0.16704 ||  42
      13.38600 ||       10.08891 ||     5 ||   0.02762 ||  0.17238 ||     0.17238 ||  43
       5.78100 ||       10.08490 ||     6 ||   0.03316 ||  0.16684 ||     0.16684 ||  42
      12.55200 ||       10.08901 ||     5 ||   0.02762 ||  0.17238 ||     0.17238 ||  43
       5.88600 ||       10.08505 ||     7 ||   0.03868 ||  0.16132 ||     0.16132 ||  41
      13.85400 ||       10.08740 ||     5 ||   0.02762 ||  0.17238 ||     0.17238 ||  43
       5.52100 ||       10.08630 ||     6 ||   0.03315 ||  0.16685 ||     0.16685 ||  42
       7.60400 ||       10.08854 ||     6 ||   0.03314 ||  0.16686 ||     0.16686 ||  42
       2.44700 ||       10.08594 ||     6 ||   0.03315 ||  0.16685 ||     0.16685 ||  42
       4.06200 ||       10.08713 ||     6 ||   0.03315 ||  0.16685 ||     0.16685 ||  42
       2.18800 ||       10.08526 ||     6 ||   0.03315 ||  0.16685 ||     0.16685 ||  42
       3.75000 ||       10.08771 ||     6 ||   0.03315 ||  0.16685 ||     0.16685 ||  42
       2.81200 ||       10.08620 ||     6 ||   0.03315 ||  0.16685 ||     0.16685 ||  42
       2.96800 ||       10.09318 ||     6 ||   0.03313 ||  0.16687 ||     0.16687 ||  42
       2.39600 ||       10.08547 ||     6 ||   0.03315 ||  0.16685 ||     0.16685 ||  42
       4.27100 ||       10.08859 ||     6 ||   0.03314 ||  0.16686 ||     0.16686 ||  42
       2.29200 ||       10.08854 ||     6 ||   0.03314 ||  0.16686 ||     0.16686 ||  42
       3.02000 ||       10.08729 ||     6 ||   0.03315 ||  0.16685 ||     0.16685 ||  42
       2.44800 ||       10.08224 ||     6 ||   0.03316 ||  0.16684 ||     0.16684 ||  42
       3.95800 ||       10.08745 ||     6 ||   0.03315 ||  0.16685 ||     0.16685 ||  42
       6.61500 ||       10.08437 ||     7 ||   0.03868 ||  0.16132 ||     0.16132 ||  41
      13.59400 ||       10.08719 ||     6 ||   0.03315 ||  0.16685 ||     0.16685 ||  42
       5.15700 ||       10.08490 ||     7 ||   0.03868 ||  0.16132 ||     0.16132 ||  41
      12.65600 ||       10.08891 ||     6 ||   0.03314 ||  0.16686 ||     0.16686 ||  42
       2.24000 ||       10.08526 ||     6 ||   0.03315 ||  0.16685 ||     0.16685 ||  42
       6.97900 ||       10.08818 ||     7 ||   0.03867 ||  0.16133 ||     0.16133 ||  41
       5.52100 ||       10.08588 ||     7 ||   0.03868 ||  0.16132 ||     0.16132 ||  41
      10.83300 ||       10.08953 ||     6 ||   0.03314 ||  0.16686 ||     0.16686 ||  42
       2.44800 ||       10.08719 ||     6 ||   0.03315 ||  0.16685 ||     0.16685 ||  42
       3.48900 ||       10.08839 ||     6 ||   0.03314 ||  0.16686 ||     0.16686 ||  42
       7.03100 ||       10.09141 ||     7 ||   0.03866 ||  0.16134 ||     0.16134 ||  41
      48.02000 ||       10.09547 ||     6 ||   0.03312 ||  0.16688 ||     0.16688 ||  42
       5.83300 ||       10.08271 ||     7 ||   0.03869 ||  0.16131 ||     0.16131 ||  41
      12.60400 ||       10.08646 ||     6 ||   0.03315 ||  0.16685 ||     0.16685 ||  42
       4.01000 ||       10.08896 ||     6 ||   0.03314 ||  0.16686 ||     0.16686 ||  42
       2.70800 ||       10.08588 ||     6 ||   0.03315 ||  0.16685 ||     0.16685 ||  42
       4.47900 ||       10.08922 ||     6 ||   0.03314 ||  0.16686 ||     0.16686 ||  42
       2.24000 ||       10.08521 ||     6 ||   0.03315 ||  0.16685 ||     0.16685 ||  42
       6.98000 ||       10.08828 ||     7 ||   0.03867 ||  0.16133 ||     0.16133 ||  41
       5.46900 ||       10.08380 ||     7 ||   0.03869 ||  0.16131 ||     0.16131 ||  41
      10.57300 ||       10.09318 ||     6 ||   0.03313 ||  0.16687 ||     0.16687 ||  42
       2.55200 ||       10.08495 ||     6 ||   0.03316 ||  0.16684 ||     0.16684 ||  42
       7.03100 ||       10.08729 ||     8 ||   0.04420 ||  0.15580 ||     0.15580 ||  39
      11.35400 ||       10.09167 ||     7 ||   0.03866 ||  0.16134 ||     0.16134 ||  41
       2.86500 ||       10.09078 ||     7 ||   0.03866 ||  0.16134 ||     0.16134 ||  41
       9.21800 ||       10.08536 ||     6 ||   0.03315 ||  0.16685 ||     0.16685 ||  42
       7.50000 ||       10.08927 ||     8 ||   0.04419 ||  0.15581 ||     0.15581 ||  39
      11.56300 ||       10.08417 ||     7 ||   0.03868 ||  0.16132 ||     0.16132 ||  41
       3.64500 ||       10.08781 ||     7 ||   0.03867 ||  0.16133 ||     0.16133 ||  41
       8.48900 ||       10.08437 ||     6 ||   0.03316 ||  0.16684 ||     0.16684 ||  42
       6.61500 ||       10.08990 ||     8 ||   0.04419 ||  0.15581 ||     0.15581 ||  39
      13.02100 ||       10.08609 ||     6 ||   0.03315 ||  0.16685 ||     0.16685 ||  42
       6.56300 ||       10.08828 ||     8 ||   0.04419 ||  0.15581 ||     0.15581 ||  39
      11.30200 ||       10.08609 ||     6 ||   0.03315 ||  0.16685 ||     0.16685 ||  42
       6.77100 ||       10.08797 ||     8 ||   0.04419 ||  0.15581 ||     0.15581 ||  39
      10.78100 ||       10.08578 ||     6 ||   0.03315 ||  0.16685 ||     0.16685 ||  42
       7.76100 ||       10.09021 ||     8 ||   0.04418 ||  0.15582 ||     0.15582 ||  39
      16.82300 ||       10.08651 ||     6 ||   0.03315 ||  0.16685 ||     0.16685 ||  42
       5.20900 ||       10.08646 ||     7 ||   0.03868 ||  0.16132 ||     0.16132 ||  41
      12.91600 ||       10.08781 ||     6 ||   0.03315 ||  0.16685 ||     0.16685 ||  42
       5.26100 ||       10.11156 ||     7 ||   0.03858 ||  0.16142 ||     0.16142 ||  41
      13.17700 ||       10.08870 ||     6 ||   0.03314 ||  0.16686 ||     0.16686 ||  42
       5.31300 ||       10.08630 ||     7 ||   0.03868 ||  0.16132 ||     0.16132 ||  41
       7.03100 ||       10.08865 ||     7 ||   0.03867 ||  0.16133 ||     0.16133 ||  41
       2.44800 ||       10.08542 ||     7 ||   0.03868 ||  0.16132 ||     0.16132 ||  41
      10.20900 ||       10.08911 ||     5 ||   0.02762 ||  0.17238 ||     0.17238 ||  43
       6.14600 ||       10.08552 ||     8 ||   0.04421 ||  0.15579 ||     0.15579 ||  39
      12.96900 ||       10.08859 ||     6 ||   0.03314 ||  0.16686 ||     0.16686 ||  42
       5.57300 ||       10.08365 ||     7 ||   0.03869 ||  0.16131 ||     0.16131 ||  41
       6.92700 ||       10.08771 ||     7 ||   0.03867 ||  0.16133 ||     0.16133 ||  41
       9.27100 ||       10.08698 ||     6 ||   0.03315 ||  0.16685 ||     0.16685 ||  42
       6.30200 ||       10.08797 ||     7 ||   0.03867 ||  0.16133 ||     0.16133 ||  41
       8.69800 ||       10.09703 ||     7 ||   0.03864 ||  0.16136 ||     0.16136 ||  41
      16.82300 ||       10.09412 ||     6 ||   0.03313 ||  0.16687 ||     0.16687 ||  42
       8.28100 ||       10.08844 ||     8 ||   0.04419 ||  0.15581 ||     0.15581 ||  39
      14.32300 ||       10.08969 ||     6 ||   0.03314 ||  0.16686 ||     0.16686 ||  42
       5.57200 ||       10.08615 ||     7 ||   0.03868 ||  0.16132 ||     0.16132 ||  41
      12.55200 ||       10.09141 ||     6 ||   0.03313 ||  0.16687 ||     0.16687 ||  42
       5.78100 ||       10.08552 ||     7 ||   0.03868 ||  0.16132 ||     0.16132 ||  41
       7.18800 ||       10.08839 ||     7 ||   0.03867 ||  0.16133 ||     0.16133 ||  41
       8.90600 ||       10.08490 ||     6 ||   0.03316 ||  0.16684 ||     0.16684 ||  42
       6.35400 ||       10.09042 ||     7 ||   0.03866 ||  0.16134 ||     0.16134 ||  41
      11.77100 ||       10.08677 ||     6 ||   0.03315 ||  0.16685 ||     0.16685 ||  42
       6.92700 ||       10.09255 ||     8 ||   0.04417 ||  0.15583 ||     0.15583 ||  39
      11.25000 ||       10.08573 ||     6 ||   0.03315 ||  0.16685 ||     0.16685 ||  42
       8.33300 ||       10.14500 ||     7 ||   0.03845 ||  0.16155 ||     0.16155 ||  41
      11.19800 ||       10.08542 ||     6 ||   0.03315 ||  0.16685 ||     0.16685 ||  42
       8.17800 ||       10.08516 ||     7 ||   0.03868 ||  0.16132 ||     0.16132 ||  41
       6.51000 ||       10.08646 ||     7 ||   0.03868 ||  0.16132 ||     0.16132 ||  41
       3.07300 ||       10.08870 ||     7 ||   0.03867 ||  0.16133 ||     0.16133 ||  41
       2.81200 ||       10.08620 ||     7 ||   0.03868 ||  0.16132 ||     0.16132 ||  41
       2.24000 ||       10.08547 ||     7 ||   0.03868 ||  0.16132 ||     0.16132 ||  41
       2.96800 ||       10.08896 ||     7 ||   0.03867 ||  0.16133 ||     0.16133 ||  41
       4.79200 ||       10.08797 ||     7 ||   0.03867 ||  0.16133 ||     0.16133 ||  41
       2.34300 ||       10.09016 ||     7 ||   0.03866 ||  0.16134 ||     0.16134 ||  41
       4.21900 ||       10.09099 ||     7 ||   0.03866 ||  0.16134 ||     0.16134 ||  41
       2.13600 ||       10.08510 ||     7 ||   0.03868 ||  0.16132 ||     0.16132 ||  41
      10.57200 ||       10.09193 ||     6 ||   0.03313 ||  0.16687 ||     0.16687 ||  42
       5.78100 ||       10.08687 ||     7 ||   0.03867 ||  0.16133 ||     0.16133 ||  41
      12.81300 ||       10.08531 ||     6 ||   0.03315 ||  0.16685 ||     0.16685 ||  42
       6.14600 ||       10.08766 ||     7 ||   0.03867 ||  0.16133 ||     0.16133 ||  41
       5.72900 ||       10.08536 ||     7 ||   0.03868 ||  0.16132 ||     0.16132 ||  41
       9.94800 ||       10.08760 ||     6 ||   0.03315 ||  0.16685 ||     0.16685 ||  42
       2.50000 ||       10.08531 ||     6 ||   0.03315 ||  0.16685 ||     0.16685 ||  42
       7.18700 ||       10.08896 ||     7 ||   0.03867 ||  0.16133 ||     0.16133 ||  41
      11.35400 ||       10.08563 ||     6 ||   0.03315 ||  0.16685 ||     0.16685 ||  42
       7.50000 ||       10.09667 ||     7 ||   0.03864 ||  0.16136 ||     0.16136 ||  41
      11.66600 ||       10.08583 ||     6 ||   0.03315 ||  0.16685 ||     0.16685 ||  42
       4.32300 ||       10.08615 ||     6 ||   0.03315 ||  0.16685 ||     0.16685 ||  42
       5.93700 ||       10.09073 ||     7 ||   0.03866 ||  0.16134 ||     0.16134 ||  41
       7.08300 ||       10.08891 ||     7 ||   0.03867 ||  0.16133 ||     0.16133 ||  41
       8.54100 ||       10.08609 ||     6 ||   0.03315 ||  0.16685 ||     0.16685 ||  42
       3.64500 ||       10.08802 ||     6 ||   0.03315 ||  0.16685 ||     0.16685 ||  42
       2.23900 ||       10.08516 ||     6 ||   0.03316 ||  0.16684 ||     0.16684 ||  42
       6.87500 ||       10.08609 ||     8 ||   0.04420 ||  0.15580 ||     0.15580 ||  39
      11.19800 ||       10.08510 ||     6 ||   0.03316 ||  0.16684 ||     0.16684 ||  42
       3.80200 ||       10.08891 ||     6 ||   0.03314 ||  0.16686 ||     0.16686 ||  42
       2.24000 ||       10.08510 ||     6 ||   0.03316 ||  0.16684 ||     0.16684 ||  42
       7.50000 ||       10.08760 ||     8 ||   0.04420 ||  0.15580 ||     0.15580 ||  39
      11.25000 ||       10.08484 ||     6 ||   0.03316 ||  0.16684 ||     0.16684 ||  42
       6.30200 ||       10.08865 ||     7 ||   0.03867 ||  0.16133 ||     0.16133 ||  41
      10.83400 ||       10.08531 ||     6 ||   0.03315 ||  0.16685 ||     0.16685 ||  42
       7.18800 ||       10.08870 ||     7 ||   0.03867 ||  0.16133 ||     0.16133 ||  41
      17.03200 ||       10.08495 ||     6 ||   0.03316 ||  0.16684 ||     0.16684 ||  42
       3.90700 ||       10.08812 ||     6 ||   0.03315 ||  0.16685 ||     0.16685 ||  42
       5.73000 ||       10.08630 ||     7 ||   0.03868 ||  0.16132 ||     0.16132 ||  41
       5.26000 ||       10.08969 ||     7 ||   0.03866 ||  0.16134 ||     0.16134 ||  41
      10.41600 ||       10.08984 ||     6 ||   0.03314 ||  0.16686 ||     0.16686 ||  42
       6.51100 ||       10.08792 ||     8 ||   0.04419 ||  0.15581 ||     0.15581 ||  39
      13.02100 ||       10.08062 ||     6 ||   0.03317 ||  0.16683 ||     0.16683 ||  42
       2.44800 ||       10.08662 ||     6 ||   0.03315 ||  0.16685 ||     0.16685 ||  42
       6.87500 ||       10.08839 ||     7 ||   0.03867 ||  0.16133 ||     0.16133 ||  41
       6.82300 ||       10.09302 ||     7 ||   0.03865 ||  0.16135 ||     0.16135 ||  41
       8.59300 ||       10.08594 ||     6 ||   0.03315 ||  0.16685 ||     0.16685 ||  42
       6.45900 ||       10.08797 ||     8 ||   0.04419 ||  0.15581 ||     0.15581 ||  39
      11.61400 ||       10.08594 ||     7 ||   0.03868 ||  0.16132 ||     0.16132 ||  41
       2.44800 ||       10.08432 ||     7 ||   0.03868 ||  0.16132 ||     0.16132 ||  41
       3.43800 ||       10.08734 ||     7 ||   0.03867 ||  0.16133 ||     0.16133 ||  41
       2.18800 ||       10.08620 ||     7 ||   0.03868 ||  0.16132 ||     0.16132 ||  41
       7.50000 ||       10.08802 ||     8 ||   0.04419 ||  0.15581 ||     0.15581 ||  39
       5.57200 ||       10.08521 ||     8 ||   0.04421 ||  0.15579 ||     0.15579 ||  39
      10.36400 ||       10.09083 ||     7 ||   0.03866 ||  0.16134 ||     0.16134 ||  41
       2.39600 ||       10.08526 ||     7 ||   0.03868 ||  0.16132 ||     0.16132 ||  41
       6.66700 ||       10.08932 ||     8 ||   0.04419 ||  0.15581 ||     0.15581 ||  39
       5.78100 ||       10.08464 ||     8 ||   0.04421 ||  0.15579 ||     0.15579 ||  39
      10.72900 ||       10.08724 ||     6 ||   0.03315 ||  0.16685 ||     0.16685 ||  42
       5.41700 ||       10.08437 ||     8 ||   0.04421 ||  0.15579 ||     0.15579 ||  39
       6.82300 ||       10.08823 ||     8 ||   0.04419 ||  0.15581 ||     0.15581 ||  39
       8.22900 ||       10.08589 ||     7 ||   0.03868 ||  0.16132 ||     0.16132 ||  41
       3.75000 ||       10.08755 ||     7 ||   0.03867 ||  0.16133 ||     0.16133 ||  41
       5.99000 ||       10.08474 ||     8 ||   0.04421 ||  0.15579 ||     0.15579 ||  39
      12.96900 ||       10.08917 ||     7 ||   0.03867 ||  0.16133 ||     0.16133 ||  41
       5.41700 ||       10.08943 ||     8 ||   0.04419 ||  0.15581 ||     0.15581 ||  39
      13.43700 ||       10.08719 ||     7 ||   0.03867 ||  0.16133 ||     0.16133 ||  41
       5.05200 ||       10.08505 ||     8 ||   0.04421 ||  0.15579 ||     0.15579 ||  39
       8.12500 ||       10.08818 ||     8 ||   0.04419 ||  0.15581 ||     0.15581 ||  39
       8.43700 ||       10.08490 ||     7 ||   0.03868 ||  0.16132 ||     0.16132 ||  41
       3.28200 ||       10.08864 ||     7 ||   0.03867 ||  0.16133 ||     0.16133 ||  41
       5.41700 ||       10.08557 ||     8 ||   0.04421 ||  0.15579 ||     0.15579 ||  39
       6.71900 ||       10.08995 ||     8 ||   0.04419 ||  0.15581 ||     0.15581 ||  39
       2.34400 ||       10.08594 ||     8 ||   0.04420 ||  0.15580 ||     0.15580 ||  39
       4.79100 ||       10.08677 ||     8 ||   0.04420 ||  0.15580 ||     0.15580 ||  39
       2.18800 ||       10.08604 ||     8 ||   0.04420 ||  0.15580 ||     0.15580 ||  39
      10.41700 ||       10.08625 ||     7 ||   0.03868 ||  0.16132 ||     0.16132 ||  41
       5.62500 ||       10.08620 ||     9 ||   0.04973 ||  0.15027 ||     0.15027 ||  38
      13.54200 ||       10.08677 ||     7 ||   0.03867 ||  0.16133 ||     0.16133 ||  41
       5.41700 ||       10.08620 ||     9 ||   0.04973 ||  0.15027 ||     0.15027 ||  38
      11.25000 ||       10.08604 ||     7 ||   0.03868 ||  0.16132 ||     0.16132 ||  41
       5.52100 ||       10.09042 ||     8 ||   0.04418 ||  0.15582 ||     0.15582 ||  39
       5.67700 ||       10.08625 ||     8 ||   0.04420 ||  0.15580 ||     0.15580 ||  39
       3.07300 ||       10.14422 ||     8 ||   0.04395 ||  0.15605 ||     0.15605 ||  39
       5.36400 ||       10.08552 ||     9 ||   0.04973 ||  0.15027 ||     0.15027 ||  38
      11.61400 ||       10.08365 ||     7 ||   0.03869 ||  0.16131 ||     0.16131 ||  41
       6.30300 ||       10.08802 ||     8 ||   0.04419 ||  0.15581 ||     0.15581 ||  39
      11.14600 ||       10.08406 ||     7 ||   0.03869 ||  0.16131 ||     0.16131 ||  41
       5.10400 ||       10.08370 ||     9 ||   0.04974 ||  0.15026 ||     0.15026 ||  38
      10.99000 ||       10.08526 ||     7 ||   0.03868 ||  0.16132 ||     0.16132 ||  41
       5.15700 ||       10.08448 ||     8 ||   0.04421 ||  0.15579 ||     0.15579 ||  39
       5.10500 ||       10.08370 ||     8 ||   0.04421 ||  0.15579 ||     0.15579 ||  39
       2.24000 ||       10.08313 ||     8 ||   0.04422 ||  0.15578 ||     0.15578 ||  39
       8.22900 ||       10.08401 ||     7 ||   0.03869 ||  0.16131 ||     0.16131 ||  41
       5.00000 ||       10.08411 ||     9 ||   0.04974 ||  0.15026 ||     0.15026 ||  38
      10.88500 ||       10.08292 ||     7 ||   0.03869 ||  0.16131 ||     0.16131 ||  41
       4.94800 ||       10.08292 ||     8 ||   0.04422 ||  0.15578 ||     0.15578 ||  39
      12.86500 ||       10.08328 ||     7 ||   0.03869 ||  0.16131 ||     0.16131 ||  41
       5.10400 ||       10.08349 ||     9 ||   0.04974 ||  0.15026 ||     0.15026 ||  38
      10.72900 ||       10.08354 ||     7 ||   0.03869 ||  0.16131 ||     0.16131 ||  41
       4.94700 ||       10.08333 ||     8 ||   0.04421 ||  0.15579 ||     0.15579 ||  39
       4.94800 ||       10.08255 ||     8 ||   0.04422 ||  0.15578 ||     0.15578 ||  39
       2.18700 ||       10.08318 ||     8 ||   0.04422 ||  0.15578 ||     0.15578 ||  39
       2.29200 ||       10.08359 ||     8 ||   0.04421 ||  0.15579 ||     0.15579 ||  39
       8.17700 ||       10.08146 ||     6 ||   0.03317 ||  0.16683 ||     0.16683 ||  42
       5.00000 ||       10.08359 ||     9 ||   0.04974 ||  0.15026 ||     0.15026 ||  38
      10.88600 ||       10.08365 ||     7 ||   0.03869 ||  0.16131 ||     0.16131 ||  41
       5.00000 ||       10.08219 ||     8 ||   0.04422 ||  0.15578 ||     0.15578 ||  39
       5.20800 ||       10.11490 ||     8 ||   0.04408 ||  0.15592 ||     0.15592 ||  39
       2.18800 ||       10.08484 ||     8 ||   0.04421 ||  0.15579 ||     0.15579 ||  39
       2.24000 ||       10.08370 ||     8 ||   0.04421 ||  0.15579 ||     0.15579 ||  39
       2.13500 ||       10.09083 ||     8 ||   0.04418 ||  0.15582 ||     0.15582 ||  39
       2.18800 ||       10.08302 ||     8 ||   0.04422 ||  0.15578 ||     0.15578 ||  39
       2.08400 ||       10.08365 ||     8 ||   0.04421 ||  0.15579 ||     0.15579 ||  39
       2.18700 ||       10.08974 ||     8 ||   0.04419 ||  0.15581 ||     0.15581 ||  39
       2.08300 ||       10.08318 ||     8 ||   0.04422 ||  0.15578 ||     0.15578 ||  39
       6.82300 ||       10.08307 ||     9 ||   0.04974 ||  0.15026 ||     0.15026 ||  38
      10.93800 ||       10.08219 ||     8 ||   0.04422 ||  0.15578 ||     0.15578 ||  39
       4.94800 ||       10.08359 ||     9 ||   0.04974 ||  0.15026 ||     0.15026 ||  38
      10.88600 ||       10.08323 ||     8 ||   0.04422 ||  0.15578 ||     0.15578 ||  39
       2.24000 ||       10.08870 ||     8 ||   0.04419 ||  0.15581 ||     0.15581 ||  39
       2.18800 ||       10.08365 ||     8 ||   0.04421 ||  0.15579 ||     0.15579 ||  39
       6.82300 ||       10.08234 ||    10 ||   0.05527 ||  0.14473 ||     0.14473 ||  36
      10.88600 ||       10.08286 ||     7 ||   0.03869 ||  0.16131 ||     0.16131 ||  41
       4.84400 ||       10.08359 ||     9 ||   0.04974 ||  0.15026 ||     0.15026 ||  38
      12.60400 ||       10.08297 ||     8 ||   0.04422 ||  0.15578 ||     0.15578 ||  39
       2.08400 ||       10.08411 ||     8 ||   0.04421 ||  0.15579 ||     0.15579 ||  39
       2.08400 ||       10.08188 ||     8 ||   0.04422 ||  0.15578 ||     0.15578 ||  39
       2.08400 ||       10.08250 ||     8 ||   0.04422 ||  0.15578 ||     0.15578 ||  39
       2.39600 ||       10.08687 ||     8 ||   0.04420 ||  0.15580 ||     0.15580 ||  39
       2.13500 ||       10.08260 ||     8 ||   0.04422 ||  0.15578 ||     0.15578 ||  39
       4.94800 ||       10.08443 ||     9 ||   0.04974 ||  0.15026 ||     0.15026 ||  38
      10.88500 ||       10.08245 ||     8 ||   0.04422 ||  0.15578 ||     0.15578 ||  39
       5.10400 ||       10.08323 ||     9 ||   0.04974 ||  0.15026 ||     0.15026 ||  38
      11.14600 ||       10.08594 ||     8 ||   0.04420 ||  0.15580 ||     0.15580 ||  39
       2.08300 ||       10.08307 ||     8 ||   0.04422 ||  0.15578 ||     0.15578 ||  39
       2.08300 ||       10.08406 ||     8 ||   0.04421 ||  0.15579 ||     0.15579 ||  39
       4.94800 ||       10.08328 ||     9 ||   0.04974 ||  0.15026 ||     0.15026 ||  38
      10.93800 ||       10.08260 ||     7 ||   0.03869 ||  0.16131 ||     0.16131 ||  41
       5.00000 ||       10.08422 ||     9 ||   0.04974 ||  0.15026 ||     0.15026 ||  38
      10.93700 ||       10.08318 ||     8 ||   0.04422 ||  0.15578 ||     0.15578 ||  39
       5.10500 ||       10.08344 ||     9 ||   0.04974 ||  0.15026 ||     0.15026 ||  38
      11.45800 ||       10.08229 ||     7 ||   0.03869 ||  0.16131 ||     0.16131 ||  41
       5.00000 ||       10.08213 ||     9 ||   0.04975 ||  0.15025 ||     0.15025 ||  38
      11.40600 ||       10.08469 ||     7 ||   0.03868 ||  0.16132 ||     0.16132 ||  41
       5.15700 ||       10.08406 ||     9 ||   0.04974 ||  0.15026 ||     0.15026 ||  38
      11.14600 ||       10.08354 ||     7 ||   0.03869 ||  0.16131 ||     0.16131 ||  41
       5.83300 ||       10.08245 ||     9 ||   0.04975 ||  0.15025 ||     0.15025 ||  38
      14.11400 ||       10.08167 ||     8 ||   0.04422 ||  0.15578 ||     0.15578 ||  39
       2.60400 ||       10.08531 ||     8 ||   0.04421 ||  0.15579 ||     0.15579 ||  39
       2.34400 ||       10.08542 ||     8 ||   0.04421 ||  0.15579 ||     0.15579 ||  39
       2.13500 ||       10.08453 ||     8 ||   0.04421 ||  0.15579 ||     0.15579 ||  39
       2.13500 ||       10.08245 ||     8 ||   0.04422 ||  0.15578 ||     0.15578 ||  39
       2.13500 ||       10.08318 ||     8 ||   0.04422 ||  0.15578 ||     0.15578 ||  39
       2.13600 ||       10.08271 ||     8 ||   0.04422 ||  0.15578 ||     0.15578 ||  39
       2.08300 ||       10.08260 ||     8 ||   0.04422 ||  0.15578 ||     0.15578 ||  39
       2.13500 ||       10.08250 ||     8 ||   0.04422 ||  0.15578 ||     0.15578 ||  39
       2.76000 ||       10.08068 ||     8 ||   0.04423 ||  0.15577 ||     0.15577 ||  39
       2.24000 ||       10.08224 ||     8 ||   0.04422 ||  0.15578 ||     0.15578 ||  39
       2.44800 ||       10.08479 ||     8 ||   0.04421 ||  0.15579 ||     0.15579 ||  39
       2.50000 ||       10.08458 ||     8 ||   0.04421 ||  0.15579 ||     0.15579 ||  39
       9.32300 ||       10.35063 ||     8 ||   0.04307 ||  0.15693 ||     0.15693 ||  40
       5.26000 ||       10.08656 ||     8 ||   0.04420 ||  0.15580 ||     0.15580 ||  39
       5.31200 ||       10.08891 ||     8 ||   0.04419 ||  0.15581 ||     0.15581 ||  39
       8.22900 ||       10.08490 ||     7 ||   0.03868 ||  0.16132 ||     0.16132 ||  41
       4.94800 ||       10.08365 ||     8 ||   0.04421 ||  0.15579 ||     0.15579 ||  39
      10.88600 ||       10.08849 ||     7 ||   0.03867 ||  0.16133 ||     0.16133 ||  41
       5.00000 ||       10.08297 ||     8 ||   0.04422 ||  0.15578 ||     0.15578 ||  39
      11.19800 ||       10.08354 ||     7 ||   0.03869 ||  0.16131 ||     0.16131 ||  41
       6.51000 ||       10.13312 ||     8 ||   0.04400 ||  0.15600 ||     0.15600 ||  39
      11.19800 ||       10.08516 ||     7 ||   0.03868 ||  0.16132 ||     0.16132 ||  41
      10.62500 ||       10.08292 ||     8 ||   0.04422 ||  0.15578 ||     0.15578 ||  39
       5.05200 ||       10.08401 ||     8 ||   0.04421 ||  0.15579 ||     0.15579 ||  39
       7.86500 ||       10.08385 ||     7 ||   0.03869 ||  0.16131 ||     0.16131 ||  41
       5.00000 ||       10.08297 ||     8 ||   0.04422 ||  0.15578 ||     0.15578 ||  39
      12.65600 ||       10.08365 ||     7 ||   0.03869 ||  0.16131 ||     0.16131 ||  41
       5.00000 ||       10.08333 ||     8 ||   0.04421 ||  0.15579 ||     0.15579 ||  39
       5.00000 ||       10.08271 ||     8 ||   0.04422 ||  0.15578 ||     0.15578 ||  39
       2.13500 ||       10.08844 ||     8 ||   0.04419 ||  0.15581 ||     0.15581 ||  39
       7.91700 ||       10.08391 ||     7 ||   0.03869 ||  0.16131 ||     0.16131 ||  41
       5.10500 ||       10.08833 ||     8 ||   0.04419 ||  0.15581 ||     0.15581 ||  39
      11.97900 ||       10.08344 ||     7 ||   0.03869 ||  0.16131 ||     0.16131 ||  41
       5.26100 ||       10.08349 ||     8 ||   0.04421 ||  0.15579 ||     0.15579 ||  39
       5.15600 ||       10.08464 ||     8 ||   0.04421 ||  0.15579 ||     0.15579 ||  39
       2.13500 ||       10.08443 ||     8 ||   0.04421 ||  0.15579 ||     0.15579 ||  39
       2.18700 ||       10.08417 ||     8 ||   0.04421 ||  0.15579 ||     0.15579 ||  39
       2.08400 ||       10.08729 ||     8 ||   0.04420 ||  0.15580 ||     0.15580 ||  39
       2.13500 ||       10.08292 ||     8 ||   0.04422 ||  0.15578 ||     0.15578 ||  39
       8.12500 ||       10.08406 ||     7 ||   0.03869 ||  0.16131 ||     0.16131 ||  41
       5.00000 ||       10.08385 ||     8 ||   0.04421 ||  0.15579 ||     0.15579 ||  39
      10.93800 ||       10.08365 ||     7 ||   0.03869 ||  0.16131 ||     0.16131 ||  41
       4.94800 ||       10.08401 ||     8 ||   0.04421 ||  0.15579 ||     0.15579 ||  39
       4.89600 ||       10.08755 ||     8 ||   0.04420 ||  0.15580 ||     0.15580 ||  39
       2.13500 ||       10.08422 ||     8 ||   0.04421 ||  0.15579 ||     0.15579 ||  39
       7.96900 ||       10.08276 ||     7 ||   0.03869 ||  0.16131 ||     0.16131 ||  41
       4.89600 ||       10.08318 ||     8 ||   0.04422 ||  0.15578 ||     0.15578 ||  39
      10.98900 ||       10.08417 ||     7 ||   0.03868 ||  0.16132 ||     0.16132 ||  41
       4.89600 ||       10.08250 ||     8 ||   0.04422 ||  0.15578 ||     0.15578 ||  39
       4.89600 ||       10.08969 ||     8 ||   0.04419 ||  0.15581 ||     0.15581 ||  39
       2.13500 ||       10.08266 ||     8 ||   0.04422 ||  0.15578 ||     0.15578 ||  39
       7.81200 ||       10.08338 ||     6 ||   0.03316 ||  0.16684 ||     0.16684 ||  42
       5.00000 ||       10.08599 ||     8 ||   0.04420 ||  0.15580 ||     0.15580 ||  39
       6.77000 ||       10.22318 ||     8 ||   0.04361 ||  0.15639 ||     0.15639 ||  39
      18.90600 ||       10.10120 ||     7 ||   0.03862 ||  0.16138 ||     0.16138 ||  41
       2.91700 ||       10.08682 ||     7 ||   0.03867 ||  0.16133 ||     0.16133 ||  41
       5.26100 ||       10.08490 ||     8 ||   0.04421 ||  0.15579 ||     0.15579 ||  39
      11.14600 ||       10.08469 ||     7 ||   0.03868 ||  0.16132 ||     0.16132 ||  41
       2.65600 ||       10.26958 ||     7 ||   0.03799 ||  0.16201 ||     0.16201 ||  41
       2.18700 ||       10.08552 ||     7 ||   0.03868 ||  0.16132 ||     0.16132 ||  41
       2.39600 ||       10.08563 ||     7 ||   0.03868 ||  0.16132 ||     0.16132 ||  41
       2.13600 ||       10.08323 ||     7 ||   0.03869 ||  0.16131 ||     0.16131 ||  41
       2.13500 ||       10.08406 ||     7 ||   0.03869 ||  0.16131 ||     0.16131 ||  41
       8.33300 ||       10.08318 ||     6 ||   0.03316 ||  0.16684 ||     0.16684 ||  42
       5.15600 ||       10.08349 ||     8 ||   0.04421 ||  0.15579 ||     0.15579 ||  39
      10.83300 ||       10.08370 ||     6 ||   0.03316 ||  0.16684 ||     0.16684 ||  42
       5.00000 ||       10.08339 ||     8 ||   0.04421 ||  0.15579 ||     0.15579 ||  39
      11.71900 ||       10.08453 ||     6 ||   0.03316 ||  0.16684 ||     0.16684 ||  42
       4.94800 ||       10.08354 ||     8 ||   0.04421 ||  0.15579 ||     0.15579 ||  39
      10.78100 ||       10.08391 ||     7 ||   0.03869 ||  0.16131 ||     0.16131 ||  41
       2.13500 ||       10.08328 ||     7 ||   0.03869 ||  0.16131 ||     0.16131 ||  41
       2.13500 ||       10.08427 ||     7 ||   0.03868 ||  0.16132 ||     0.16132 ||  41
       2.18800 ||       10.08406 ||     7 ||   0.03869 ||  0.16131 ||     0.16131 ||  41
       4.94800 ||       10.08625 ||     8 ||   0.04420 ||  0.15580 ||     0.15580 ||  39
       4.89600 ||       10.08307 ||     8 ||   0.04422 ||  0.15578 ||     0.15578 ||  39
       8.07300 ||       10.08318 ||     6 ||   0.03316 ||  0.16684 ||     0.16684 ||  42
       5.05200 ||       10.08245 ||     7 ||   0.03869 ||  0.16131 ||     0.16131 ||  41
       5.05200 ||       10.08495 ||     7 ||   0.03868 ||  0.16132 ||     0.16132 ||  41
       4.89500 ||       10.08344 ||     8 ||   0.04421 ||  0.15579 ||     0.15579 ||  39
      10.88500 ||       10.08396 ||     7 ||   0.03869 ||  0.16131 ||     0.16131 ||  41
       2.13500 ||       10.08484 ||     7 ||   0.03868 ||  0.16132 ||     0.16132 ||  41
       2.03100 ||       10.08307 ||     7 ||   0.03869 ||  0.16131 ||     0.16131 ||  41
       2.03200 ||       10.08359 ||     7 ||   0.03869 ||  0.16131 ||     0.16131 ||  41
       2.08300 ||       10.08151 ||     7 ||   0.03870 ||  0.16130 ||     0.16130 ||  41
       1.97900 ||       10.08359 ||     7 ||   0.03869 ||  0.16131 ||     0.16131 ||  41
       7.96800 ||       10.08313 ||     6 ||   0.03316 ||  0.16684 ||     0.16684 ||  42
       4.94800 ||       10.08458 ||     8 ||   0.04421 ||  0.15579 ||     0.15579 ||  39
      10.88500 ||       10.08437 ||     7 ||   0.03868 ||  0.16132 ||     0.16132 ||  41
       2.13600 ||       10.08333 ||     7 ||   0.03869 ||  0.16131 ||     0.16131 ||  41
       2.03100 ||       10.08427 ||     7 ||   0.03868 ||  0.16132 ||     0.16132 ||  41
       2.08400 ||       10.08458 ||     7 ||   0.03868 ||  0.16132 ||     0.16132 ||  41
       2.03100 ||       10.08292 ||     7 ||   0.03869 ||  0.16131 ||     0.16131 ||  41
       2.39600 ||       10.08490 ||     7 ||   0.03868 ||  0.16132 ||     0.16132 ||  41
       7.91700 ||       10.08271 ||     6 ||   0.03316 ||  0.16684 ||     0.16684 ||  42
       4.94800 ||       10.08349 ||     8 ||   0.04421 ||  0.15579 ||     0.15579 ||  39
      10.78100 ||       10.08458 ||     7 ||   0.03868 ||  0.16132 ||     0.16132 ||  41
       2.13500 ||       10.07167 ||     7 ||   0.03873 ||  0.16127 ||     0.16127 ||  41
       8.02100 ||       10.08344 ||     6 ||   0.03316 ||  0.16684 ||     0.16684 ||  42
       5.00000 ||       10.08344 ||     8 ||   0.04421 ||  0.15579 ||     0.15579 ||  39
      10.83400 ||       10.08406 ||     6 ||   0.03316 ||  0.16684 ||     0.16684 ||  42
       5.00000 ||       10.08302 ||     7 ||   0.03869 ||  0.16131 ||     0.16131 ||  41
       5.05200 ||       10.08302 ||     7 ||   0.03869 ||  0.16131 ||     0.16131 ||  41
       2.13600 ||       10.08286 ||     7 ||   0.03869 ||  0.16131 ||     0.16131 ||  41
       7.81300 ||       10.08245 ||     6 ||   0.03316 ||  0.16684 ||     0.16684 ||  42
       5.00000 ||       10.08359 ||     7 ||   0.03869 ||  0.16131 ||     0.16131 ||  41
      11.14600 ||       10.13833 ||     6 ||   0.03298 ||  0.16702 ||     0.16702 ||  42
       5.00000 ||       10.08292 ||     7 ||   0.03869 ||  0.16131 ||     0.16131 ||  41
      12.60400 ||       10.08370 ||     6 ||   0.03316 ||  0.16684 ||     0.16684 ||  42
       5.05200 ||       10.08198 ||     7 ||   0.03869 ||  0.16131 ||     0.16131 ||  41
      11.14600 ||       10.08536 ||     6 ||   0.03315 ||  0.16685 ||     0.16685 ||  42
       6.09400 ||       10.08880 ||     7 ||   0.03867 ||  0.16133 ||     0.16133 ||  41
       4.94800 ||       10.08323 ||     7 ||   0.03869 ||  0.16131 ||     0.16131 ||  41
       7.96900 ||       10.08333 ||     6 ||   0.03316 ||  0.16684 ||     0.16684 ||  42
       5.05200 ||       10.08380 ||     7 ||   0.03869 ||  0.16131 ||     0.16131 ||  41
      10.83300 ||       10.08401 ||     5 ||   0.02763 ||  0.17237 ||     0.17237 ||  43
       5.05200 ||       10.08406 ||     8 ||   0.04421 ||  0.15579 ||     0.15579 ||  39
      12.50000 ||       10.08344 ||     6 ||   0.03316 ||  0.16684 ||     0.16684 ||  42
       2.13500 ||       10.08375 ||     6 ||   0.03316 ||  0.16684 ||     0.16684 ||  42
       5.15600 ||       10.08240 ||     7 ||   0.03869 ||  0.16131 ||     0.16131 ||  41
       5.10400 ||       10.08687 ||     7 ||   0.03867 ||  0.16133 ||     0.16133 ||  41
       7.96900 ||       10.08344 ||     6 ||   0.03316 ||  0.16684 ||     0.16684 ||  42
       4.94800 ||       10.08307 ||     8 ||   0.04422 ||  0.15578 ||     0.15578 ||  39
      11.09400 ||       10.08396 ||     6 ||   0.03316 ||  0.16684 ||     0.16684 ||  42
       2.03200 ||       10.08313 ||     6 ||   0.03316 ||  0.16684 ||     0.16684 ||  42
       4.94800 ||       10.08302 ||     8 ||   0.04422 ||  0.15578 ||     0.15578 ||  39
      10.83400 ||       10.08328 ||     6 ||   0.03316 ||  0.16684 ||     0.16684 ||  42
       4.94800 ||       10.08292 ||     7 ||   0.03869 ||  0.16131 ||     0.16131 ||  41
       5.05200 ||       10.08375 ||     7 ||   0.03869 ||  0.16131 ||     0.16131 ||  41
       2.13500 ||       10.08552 ||     7 ||   0.03868 ||  0.16132 ||     0.16132 ||  41
       8.49000 ||       10.08328 ||     5 ||   0.02763 ||  0.17237 ||     0.17237 ||  43
       5.10400 ||       10.08359 ||     8 ||   0.04421 ||  0.15579 ||     0.15579 ||  39
      10.99000 ||       10.08338 ||     6 ||   0.03316 ||  0.16684 ||     0.16684 ||  42
       5.15600 ||       10.08297 ||     7 ||   0.03869 ||  0.16131 ||     0.16131 ||  41
       4.94800 ||       10.08266 ||     7 ||   0.03869 ||  0.16131 ||     0.16131 ||  41
       7.96900 ||       10.08292 ||     6 ||   0.03316 ||  0.16684 ||     0.16684 ||  42
       2.70800 ||       10.08354 ||     6 ||   0.03316 ||  0.16684 ||     0.16684 ||  42
       5.10400 ||       10.08479 ||     8 ||   0.04421 ||  0.15579 ||     0.15579 ||  39
      10.78100 ||       10.08479 ||     6 ||   0.03316 ||  0.16684 ||     0.16684 ||  42
       2.13500 ||       10.08417 ||     6 ||   0.03316 ||  0.16684 ||     0.16684 ||  42
       4.94800 ||       10.08437 ||     8 ||   0.04421 ||  0.15579 ||     0.15579 ||  39
      10.78200 ||       10.08354 ||     6 ||   0.03316 ||  0.16684 ||     0.16684 ||  42
       5.52100 ||       10.08448 ||     7 ||   0.03868 ||  0.16132 ||     0.16132 ||  41
      11.04100 ||       10.08380 ||     6 ||   0.03316 ||  0.16684 ||     0.16684 ||  42
       5.10400 ||       10.08359 ||     7 ||   0.03869 ||  0.16131 ||     0.16131 ||  41
      10.83400 ||       10.08818 ||     6 ||   0.03315 ||  0.16685 ||     0.16685 ||  42
       5.00000 ||       10.08385 ||     8 ||   0.04421 ||  0.15579 ||     0.15579 ||  39
      10.88500 ||       10.08375 ||     6 ||   0.03316 ||  0.16684 ||     0.16684 ||  42
       2.08300 ||       10.08333 ||     6 ||   0.03316 ||  0.16684 ||     0.16684 ||  42
       5.15600 ||       10.08422 ||     7 ||   0.03868 ||  0.16132 ||     0.16132 ||  41
       4.94800 ||       10.08302 ||     7 ||   0.03869 ||  0.16131 ||     0.16131 ||  41
       8.12500 ||       10.08458 ||     6 ||   0.03316 ||  0.16684 ||     0.16684 ||  42
       5.05200 ||       10.08391 ||     7 ||   0.03869 ||  0.16131 ||     0.16131 ||  41
       5.05200 ||       10.08349 ||     7 ||   0.03869 ||  0.16131 ||     0.16131 ||  41
       8.02100 ||       10.08349 ||     6 ||   0.03316 ||  0.16684 ||     0.16684 ||  42
       2.08300 ||       10.08313 ||     6 ||   0.03316 ||  0.16684 ||     0.16684 ||  42
       2.13500 ||       10.08354 ||     6 ||   0.03316 ||  0.16684 ||     0.16684 ||  42
       5.10400 ||       10.08177 ||     8 ||   0.04422 ||  0.15578 ||     0.15578 ||  39
      10.99000 ||       10.08427 ||     6 ||   0.03316 ||  0.16684 ||     0.16684 ||  42
       2.08400 ||       10.08359 ||     6 ||   0.03316 ||  0.16684 ||     0.16684 ||  42
       5.05200 ||       10.08417 ||     7 ||   0.03868 ||  0.16132 ||     0.16132 ||  41
       6.40600 ||       10.08365 ||     7 ||   0.03869 ||  0.16131 ||     0.16131 ||  41
       8.12500 ||       10.08411 ||     6 ||   0.03316 ||  0.16684 ||     0.16684 ||  42
       4.94800 ||       10.08458 ||     7 ||   0.03868 ||  0.16132 ||     0.16132 ||  41
      12.08400 ||       10.08411 ||     6 ||   0.03316 ||  0.16684 ||     0.16684 ||  42
       5.00000 ||       10.08344 ||     7 ||   0.03869 ||  0.16131 ||     0.16131 ||  41
      10.98900 ||       10.08500 ||     6 ||   0.03316 ||  0.16684 ||     0.16684 ||  42
       6.56200 ||       10.08318 ||     7 ||   0.03869 ||  0.16131 ||     0.16131 ||  41
       4.94800 ||       10.08443 ||     7 ||   0.03868 ||  0.16132 ||     0.16132 ||  41
       8.02100 ||       10.08318 ||     6 ||   0.03316 ||  0.16684 ||     0.16684 ||  42
       6.45900 ||       10.08516 ||     8 ||   0.04421 ||  0.15579 ||     0.15579 ||  39
      10.78100 ||       10.08333 ||     6 ||   0.03316 ||  0.16684 ||     0.16684 ||  42
       5.00000 ||       10.08208 ||     8 ||   0.04422 ||  0.15578 ||     0.15578 ||  39
      12.70800 ||       10.08458 ||     6 ||   0.03316 ||  0.16684 ||     0.16684 ||  42
       5.05200 ||       10.08349 ||     7 ||   0.03869 ||  0.16131 ||     0.16131 ||  41
       5.05200 ||       10.08370 ||     7 ||   0.03869 ||  0.16131 ||     0.16131 ||  41
       2.13500 ||       10.08464 ||     7 ||   0.03868 ||  0.16132 ||     0.16132 ||  41
       7.76000 ||       10.08245 ||     6 ||   0.03316 ||  0.16684 ||     0.16684 ||  42
       5.00000 ||       10.08458 ||     7 ||   0.03868 ||  0.16132 ||     0.16132 ||  41
      12.44800 ||       10.08302 ||     6 ||   0.03316 ||  0.16684 ||     0.16684 ||  42
       2.24000 ||       10.08375 ||     6 ||   0.03316 ||  0.16684 ||     0.16684 ||  42
       5.10400 ||       10.08375 ||     7 ||   0.03869 ||  0.16131 ||     0.16131 ||  41
       5.05200 ||       10.08328 ||     7 ||   0.03869 ||  0.16131 ||     0.16131 ||  41
       8.02100 ||       10.08469 ||     6 ||   0.03316 ||  0.16684 ||     0.16684 ||  42
       2.24000 ||       10.08323 ||     6 ||   0.03316 ||  0.16684 ||     0.16684 ||  42
       5.05200 ||       10.08323 ||     7 ||   0.03869 ||  0.16131 ||     0.16131 ||  41
      10.93700 ||       10.08354 ||     6 ||   0.03316 ||  0.16684 ||     0.16684 ||  42
       5.15600 ||       10.08500 ||     7 ||   0.03868 ||  0.16132 ||     0.16132 ||  41
      10.78200 ||       10.08224 ||     6 ||   0.03316 ||  0.16684 ||     0.16684 ||  42
       5.05300 ||       10.08437 ||     8 ||   0.04421 ||  0.15579 ||     0.15579 ||  39
      10.88500 ||       10.08349 ||     6 ||   0.03316 ||  0.16684 ||     0.16684 ||  42
       5.20800 ||       10.13182 ||     7 ||   0.03850 ||  0.16150 ||     0.16150 ||  41
       5.20800 ||       10.08474 ||     7 ||   0.03868 ||  0.16132 ||     0.16132 ||  41
       8.90600 ||       10.08338 ||     6 ||   0.03316 ||  0.16684 ||     0.16684 ||  42
       2.13600 ||       10.08583 ||     6 ||   0.03315 ||  0.16685 ||     0.16685 ||  42
       5.10500 ||       10.08516 ||     8 ||   0.04421 ||  0.15579 ||     0.15579 ||  39
      11.19700 ||       10.08380 ||     6 ||   0.03316 ||  0.16684 ||     0.16684 ||  42
       5.00000 ||       10.08406 ||     7 ||   0.03869 ||  0.16131 ||     0.16131 ||  41
       5.05200 ||       10.08474 ||     7 ||   0.03868 ||  0.16132 ||     0.16132 ||  41
       9.79200 ||       10.08427 ||     6 ||   0.03316 ||  0.16684 ||     0.16684 ||  42
       5.05200 ||       10.08328 ||     8 ||   0.04422 ||  0.15578 ||     0.15578 ||  39
      11.40700 ||       10.08484 ||     6 ||   0.03316 ||  0.16684 ||     0.16684 ||  42
       2.18800 ||       10.08370 ||     6 ||   0.03316 ||  0.16684 ||     0.16684 ||  42
       2.08300 ||       10.08333 ||     6 ||   0.03316 ||  0.16684 ||     0.16684 ||  42
       5.26000 ||       10.08391 ||     8 ||   0.04421 ||  0.15579 ||     0.15579 ||  39
      13.07300 ||       10.08292 ||     6 ||   0.03316 ||  0.16684 ||     0.16684 ||  42
       2.18700 ||       10.08432 ||     6 ||   0.03316 ||  0.16684 ||     0.16684 ||  42
       4.89600 ||       10.08396 ||     7 ||   0.03869 ||  0.16131 ||     0.16131 ||  41
       5.05200 ||       10.08375 ||     7 ||   0.03869 ||  0.16131 ||     0.16131 ||  41
       7.91700 ||       10.08375 ||     6 ||   0.03316 ||  0.16684 ||     0.16684 ||  42
       2.13600 ||       10.08344 ||     6 ||   0.03316 ||  0.16684 ||     0.16684 ||  42
       2.08300 ||       10.08448 ||     6 ||   0.03316 ||  0.16684 ||     0.16684 ||  42
       6.35400 ||       10.08250 ||     8 ||   0.04422 ||  0.15578 ||     0.15578 ||  39
      11.25000 ||       10.08588 ||     6 ||   0.03315 ||  0.16685 ||     0.16685 ||  42
       2.29200 ||       10.08396 ||     6 ||   0.03316 ||  0.16684 ||     0.16684 ||  42
       5.62500 ||       10.08495 ||     8 ||   0.04421 ||  0.15579 ||     0.15579 ||  39
      10.93800 ||       10.08458 ||     6 ||   0.03316 ||  0.16684 ||     0.16684 ||  42
       2.18800 ||       10.08370 ||     6 ||   0.03316 ||  0.16684 ||     0.16684 ||  42
       2.08300 ||       10.08391 ||     6 ||   0.03316 ||  0.16684 ||     0.16684 ||  42
       5.05200 ||       10.08333 ||     7 ||   0.03869 ||  0.16131 ||     0.16131 ||  41
       5.00000 ||       10.08500 ||     7 ||   0.03868 ||  0.16132 ||     0.16132 ||  41
       7.96900 ||       10.08375 ||     6 ||   0.03316 ||  0.16684 ||     0.16684 ||  42
       2.03100 ||       10.08437 ||     6 ||   0.03316 ||  0.16684 ||     0.16684 ||  42
       5.00000 ||       10.08427 ||     7 ||   0.03868 ||  0.16132 ||     0.16132 ||  41
      10.78100 ||       10.08338 ||     6 ||   0.03316 ||  0.16684 ||     0.16684 ||  42
       5.00000 ||       10.08417 ||     7 ||   0.03868 ||  0.16132 ||     0.16132 ||  41
      11.51000 ||       10.08380 ||     6 ||   0.03316 ||  0.16684 ||     0.16684 ||  42
       2.13500 ||       10.08359 ||     6 ||   0.03316 ||  0.16684 ||     0.16684 ||  42
       2.23900 ||       10.08365 ||     6 ||   0.03316 ||  0.16684 ||     0.16684 ||  42
       2.18800 ||       10.11844 ||     6 ||   0.03305 ||  0.16695 ||     0.16695 ||  42
       5.26000 ||       10.08557 ||     8 ||   0.04421 ||  0.15579 ||     0.15579 ||  39
      11.19800 ||       10.08427 ||     5 ||   0.02763 ||  0.17237 ||     0.17237 ||  43
       5.78100 ||       10.08120 ||     7 ||   0.03870 ||  0.16130 ||     0.16130 ||  41
      12.55200 ||       10.08083 ||     5 ||   0.02764 ||  0.17236 ||     0.17236 ||  43
       5.26000 ||       10.08484 ||     7 ||   0.03868 ||  0.16132 ||     0.16132 ||  41
      10.78100 ||       10.08443 ||     6 ||   0.03316 ||  0.16684 ||     0.16684 ||  42
       2.34400 ||       10.08599 ||     6 ||   0.03315 ||  0.16685 ||     0.16685 ||  42
       2.24000 ||       10.08495 ||     6 ||   0.03316 ||  0.16684 ||     0.16684 ||  42
       2.18700 ||       10.08854 ||     6 ||   0.03314 ||  0.16686 ||     0.16686 ||  42
       2.13600 ||       10.08338 ||     6 ||   0.03316 ||  0.16684 ||     0.16684 ||  42
       5.36500 ||       10.08422 ||     7 ||   0.03868 ||  0.16132 ||     0.16132 ||  41
       5.00000 ||       10.08427 ||     7 ||   0.03868 ||  0.16132 ||     0.16132 ||  41
       8.02100 ||       10.08338 ||     6 ||   0.03316 ||  0.16684 ||     0.16684 ||  42
       2.13500 ||       10.08203 ||     6 ||   0.03317 ||  0.16683 ||     0.16683 ||  42
       5.10400 ||       10.09750 ||     8 ||   0.04415 ||  0.15585 ||     0.15585 ||  39
      11.40600 ||       10.08510 ||     6 ||   0.03316 ||  0.16684 ||     0.16684 ||  42
       5.00000 ||       10.08318 ||     8 ||   0.04422 ||  0.15578 ||     0.15578 ||  39
      11.09300 ||       10.08479 ||     6 ||   0.03316 ||  0.16684 ||     0.16684 ||  42
       5.10400 ||       10.08344 ||     7 ||   0.03869 ||  0.16131 ||     0.16131 ||  41
      11.25000 ||       10.08495 ||     6 ||   0.03316 ||  0.16684 ||     0.16684 ||  42
       5.10400 ||       10.08349 ||     7 ||   0.03869 ||  0.16131 ||     0.16131 ||  41
      11.45800 ||       10.08385 ||     6 ||   0.03316 ||  0.16684 ||     0.16684 ||  42
       5.00000 ||       10.08396 ||     7 ||   0.03869 ||  0.16131 ||     0.16131 ||  41
       5.10500 ||       10.08401 ||     7 ||   0.03869 ||  0.16131 ||     0.16131 ||  41
       2.08300 ||       10.08328 ||     7 ||   0.03869 ||  0.16131 ||     0.16131 ||  41
       2.08300 ||       10.08495 ||     7 ||   0.03868 ||  0.16132 ||     0.16132 ||  41
       8.02000 ||       10.08370 ||     6 ||   0.03316 ||  0.16684 ||     0.16684 ||  42
       5.20800 ||       10.08453 ||     7 ||   0.03868 ||  0.16132 ||     0.16132 ||  41
      12.65600 ||       10.08313 ||     6 ||   0.03316 ||  0.16684 ||     0.16684 ||  42
       5.10400 ||       10.08307 ||     7 ||   0.03869 ||  0.16131 ||     0.16131 ||  41
       4.84400 ||       10.08328 ||     7 ||   0.03869 ||  0.16131 ||     0.16131 ||  41
       2.08400 ||       10.08396 ||     7 ||   0.03869 ||  0.16131 ||     0.16131 ||  41
       1.97900 ||       10.08292 ||     7 ||   0.03869 ||  0.16131 ||     0.16131 ||  41
       2.03100 ||       10.08255 ||     7 ||   0.03869 ||  0.16131 ||     0.16131 ||  41
       5.36400 ||       10.08417 ||     8 ||   0.04421 ||  0.15579 ||     0.15579 ||  39
      10.62500 ||       10.08250 ||     6 ||   0.03316 ||  0.16684 ||     0.16684 ||  42
       4.84400 ||       10.08849 ||     8 ||   0.04419 ||  0.15581 ||     0.15581 ||  39
      10.72900 ||       10.08333 ||     6 ||   0.03316 ||  0.16684 ||     0.16684 ||  42
       4.94800 ||       10.08401 ||     8 ||   0.04421 ||  0.15579 ||     0.15579 ||  39
      10.78200 ||       10.08276 ||     6 ||   0.03316 ||  0.16684 ||     0.16684 ||  42
       4.94700 ||       10.08260 ||     8 ||   0.04422 ||  0.15578 ||     0.15578 ||  39
      10.73000 ||       10.08239 ||     6 ||   0.03316 ||  0.16684 ||     0.16684 ||  42
       5.15700 ||       10.08245 ||     8 ||   0.04422 ||  0.15578 ||     0.15578 ||  39
      10.62500 ||       10.08208 ||     6 ||   0.03317 ||  0.16683 ||     0.16683 ||  42
       5.10400 ||       10.08219 ||     8 ||   0.04422 ||  0.15578 ||     0.15578 ||  39
      10.88500 ||       10.08719 ||     6 ||   0.03315 ||  0.16685 ||     0.16685 ||  42
       4.79100 ||       10.08260 ||     8 ||   0.04422 ||  0.15578 ||     0.15578 ||  39
      10.78100 ||       10.12630 ||     7 ||   0.03852 ||  0.16148 ||     0.16148 ||  41
       2.18800 ||       10.08391 ||     7 ||   0.03869 ||  0.16131 ||     0.16131 ||  41
       8.17800 ||       10.08396 ||     6 ||   0.03316 ||  0.16684 ||     0.16684 ||  42
       5.00000 ||       10.08375 ||     8 ||   0.04421 ||  0.15579 ||     0.15579 ||  39
      10.93800 ||       10.08313 ||     7 ||   0.03869 ||  0.16131 ||     0.16131 ||  41
       2.08300 ||       10.08260 ||     7 ||   0.03869 ||  0.16131 ||     0.16131 ||  41
       9.42700 ||       10.08260 ||     6 ||   0.03316 ||  0.16684 ||     0.16684 ||  42
       4.94800 ||       10.08203 ||     7 ||   0.03869 ||  0.16131 ||     0.16131 ||  41
       5.15600 ||       10.10182 ||     7 ||   0.03862 ||  0.16138 ||     0.16138 ||  41
       8.07300 ||       10.08338 ||     6 ||   0.03316 ||  0.16684 ||     0.16684 ||  42
       4.89500 ||       10.08328 ||     8 ||   0.04422 ||  0.15578 ||     0.15578 ||  39
      10.83400 ||       10.08302 ||     6 ||   0.03316 ||  0.16684 ||     0.16684 ||  42
       4.94800 ||       10.08250 ||     7 ||   0.03869 ||  0.16131 ||     0.16131 ||  41
       4.94800 ||       10.08297 ||     7 ||   0.03869 ||  0.16131 ||     0.16131 ||  41
       2.08400 ||       10.08391 ||     7 ||   0.03869 ||  0.16131 ||     0.16131 ||  41
       8.07300 ||       10.08292 ||     6 ||   0.03316 ||  0.16684 ||     0.16684 ||  42
       5.98900 ||       10.08172 ||     7 ||   0.03869 ||  0.16131 ||     0.16131 ||  41
      10.88500 ||       10.08682 ||     6 ||   0.03315 ||  0.16685 ||     0.16685 ||  42
       5.31300 ||       10.08536 ||     8 ||   0.04421 ||  0.15579 ||     0.15579 ||  39
      11.19800 ||       10.08484 ||     6 ||   0.03316 ||  0.16684 ||     0.16684 ||  42
       5.10400 ||       10.08385 ||     7 ||   0.03869 ||  0.16131 ||     0.16131 ||  41
      11.14600 ||       10.08328 ||     6 ||   0.03316 ||  0.16684 ||     0.16684 ||  42
       2.13500 ||       10.08349 ||     6 ||   0.03316 ||  0.16684 ||     0.16684 ||  42
       5.05200 ||       10.08318 ||     7 ||   0.03869 ||  0.16131 ||     0.16131 ||  41
      11.14500 ||       10.08219 ||     6 ||   0.03316 ||  0.16684 ||     0.16684 ||  42
       2.13600 ||       10.08302 ||     6 ||   0.03316 ||  0.16684 ||     0.16684 ||  42
       2.08300 ||       10.08412 ||     6 ||   0.03316 ||  0.16684 ||     0.16684 ||  42
       2.96900 ||       10.08338 ||     6 ||   0.03316 ||  0.16684 ||     0.16684 ||  42
       2.08300 ||       10.08281 ||     6 ||   0.03316 ||  0.16684 ||     0.16684 ||  42
       4.94800 ||       10.08323 ||     7 ||   0.03869 ||  0.16131 ||     0.16131 ||  41
      12.70800 ||       10.08297 ||     5 ||   0.02764 ||  0.17236 ||     0.17236 ||  43
       5.10400 ||       10.08307 ||     8 ||   0.04422 ||  0.15578 ||     0.15578 ||  39
      10.72900 ||       10.08318 ||     5 ||   0.02763 ||  0.17237 ||     0.17237 ||  43
       5.10400 ||       10.08234 ||     7 ||   0.03869 ||  0.16131 ||     0.16131 ||  41
      11.04100 ||       10.08323 ||     5 ||   0.02763 ||  0.17237 ||     0.17237 ||  43
       5.05200 ||       10.08271 ||     6 ||   0.03316 ||  0.16684 ||     0.16684 ||  42
       5.00000 ||       10.08219 ||     6 ||   0.03316 ||  0.16684 ||     0.16684 ||  42
       2.29200 ||       10.08219 ||     6 ||   0.03316 ||  0.16684 ||     0.16684 ||  42
       2.03100 ||       10.08380 ||     6 ||   0.03316 ||  0.16684 ||     0.16684 ||  42
       1.97900 ||       10.08318 ||     6 ||   0.03316 ||  0.16684 ||     0.16684 ||  42
       2.03200 ||       10.08260 ||     6 ||   0.03316 ||  0.16684 ||     0.16684 ||  42
       2.03100 ||       10.08266 ||     6 ||   0.03316 ||  0.16684 ||     0.16684 ||  42
       2.03100 ||       10.08203 ||     6 ||   0.03317 ||  0.16683 ||     0.16683 ||  42
       7.96900 ||       10.08208 ||     5 ||   0.02764 ||  0.17236 ||     0.17236 ||  43
       6.45800 ||       10.08234 ||     6 ||   0.03316 ||  0.16684 ||     0.16684 ||  42
      10.78100 ||       10.08292 ||     5 ||   0.02764 ||  0.17236 ||     0.17236 ||  43
       5.10400 ||       10.08245 ||     6 ||   0.03316 ||  0.16684 ||     0.16684 ||  42
      12.29200 ||       10.08229 ||     5 ||   0.02764 ||  0.17236 ||     0.17236 ||  43
       4.84300 ||       10.08161 ||     6 ||   0.03317 ||  0.16683 ||     0.16683 ||  42
      11.35400 ||       10.08255 ||     4 ||   0.02211 ||  0.17789 ||     0.17789 ||  45
       5.00000 ||       10.08281 ||     6 ||   0.03316 ||  0.16684 ||     0.16684 ||  42
      11.04100 ||       10.08339 ||     5 ||   0.02763 ||  0.17237 ||     0.17237 ||  43
       2.03100 ||       10.08203 ||     5 ||   0.02764 ||  0.17236 ||     0.17236 ||  43
       2.13500 ||       10.08182 ||     5 ||   0.02764 ||  0.17236 ||     0.17236 ||  43
       7.96900 ||       10.08245 ||     4 ||   0.02211 ||  0.17789 ||     0.17789 ||  45
       5.15600 ||       10.08297 ||     5 ||   0.02764 ||  0.17236 ||     0.17236 ||  43
       5.05200 ||       10.11099 ||     5 ||   0.02756 ||  0.17244 ||     0.17244 ||  43
       2.18700 ||       10.08365 ||     5 ||   0.02763 ||  0.17237 ||     0.17237 ||  43
       5.00000 ||       10.08453 ||     6 ||   0.03316 ||  0.16684 ||     0.16684 ||  42
      11.09400 ||       10.08307 ||     5 ||   0.02764 ||  0.17236 ||     0.17236 ||  43
       2.39600 ||       10.08359 ||     5 ||   0.02763 ||  0.17237 ||     0.17237 ||  43
       5.05200 ||       10.08880 ||     6 ||   0.03314 ||  0.16686 ||     0.16686 ||  42
      11.14600 ||       10.08234 ||     4 ||   0.02211 ||  0.17789 ||     0.17789 ||  45
       5.46900 ||       10.08318 ||     7 ||   0.03869 ||  0.16131 ||     0.16131 ||  41
      10.93800 ||       10.08344 ||     5 ||   0.02763 ||  0.17237 ||     0.17237 ||  43
       5.00000 ||       10.08333 ||     6 ||   0.03316 ||  0.16684 ||     0.16684 ||  42
       5.31300 ||       10.08229 ||     6 ||   0.03316 ||  0.16684 ||     0.16684 ||  42
       2.18800 ||       10.08255 ||     6 ||   0.03316 ||  0.16684 ||     0.16684 ||  42
       3.22900 ||       10.08370 ||     6 ||   0.03316 ||  0.16684 ||     0.16684 ||  42
       3.12500 ||       10.08432 ||     6 ||   0.03316 ||  0.16684 ||     0.16684 ||  42
       2.34400 ||       10.08370 ||     6 ||   0.03316 ||  0.16684 ||     0.16684 ||  42
       8.59300 ||       10.08281 ||     5 ||   0.02764 ||  0.17236 ||     0.17236 ||  43
      10.88600 ||       10.08224 ||     6 ||   0.03316 ||  0.16684 ||     0.16684 ||  42
      10.83300 ||       10.08422 ||     5 ||   0.02763 ||  0.17237 ||     0.17237 ||  43
       2.18700 ||       10.08365 ||     5 ||   0.02763 ||  0.17237 ||     0.17237 ||  43
       2.13600 ||       10.08219 ||     5 ||   0.02764 ||  0.17236 ||     0.17236 ||  43
       4.94800 ||       10.08182 ||     6 ||   0.03317 ||  0.16683 ||     0.16683 ||  42
      12.29200 ||       10.08245 ||     4 ||   0.02211 ||  0.17789 ||     0.17789 ||  45
       5.00000 ||       10.08333 ||     5 ||   0.02763 ||  0.17237 ||     0.17237 ||  43
       5.26100 ||       10.08255 ||     5 ||   0.02764 ||  0.17236 ||     0.17236 ||  43
       7.81200 ||       10.08141 ||     4 ||   0.02211 ||  0.17789 ||     0.17789 ||  45
       5.05300 ||       10.08172 ||     6 ||   0.03317 ||  0.16683 ||     0.16683 ||  42
      10.83400 ||       10.08047 ||     4 ||   0.02211 ||  0.17789 ||     0.17789 ||  45
       5.10400 ||       10.08443 ||     6 ||   0.03316 ||  0.16684 ||     0.16684 ||  42
      11.04100 ||       10.08276 ||     4 ||   0.02211 ||  0.17789 ||     0.17789 ||  45
       5.52100 ||       10.13333 ||     6 ||   0.03300 ||  0.16700 ||     0.16700 ||  42
      10.88500 ||       10.08359 ||     4 ||   0.02211 ||  0.17789 ||     0.17789 ||  45
       4.94800 ||       10.08307 ||     5 ||   0.02764 ||  0.17236 ||     0.17236 ||  43
       5.05200 ||       10.08286 ||     5 ||   0.02764 ||  0.17236 ||     0.17236 ||  43
       5.10400 ||       10.08292 ||     6 ||   0.03316 ||  0.16684 ||     0.16684 ||  42
      10.83300 ||       10.08302 ||     4 ||   0.02211 ||  0.17789 ||     0.17789 ||  45
       5.00000 ||       10.08255 ||     5 ||   0.02764 ||  0.17236 ||     0.17236 ||  43
       5.15700 ||       10.08286 ||     5 ||   0.02764 ||  0.17236 ||     0.17236 ||  43
       2.23900 ||       10.08214 ||     5 ||   0.02764 ||  0.17236 ||     0.17236 ||  43
       2.55200 ||       10.08276 ||     5 ||   0.02764 ||  0.17236 ||     0.17236 ||  43
       4.94700 ||       10.08271 ||     6 ||   0.03316 ||  0.16684 ||     0.16684 ||  42
       5.10400 ||       10.08318 ||     6 ||   0.03316 ||  0.16684 ||     0.16684 ||  42
       2.08300 ||       10.08266 ||     6 ||   0.03316 ||  0.16684 ||     0.16684 ||  42
       2.13500 ||       10.08188 ||     6 ||   0.03317 ||  0.16683 ||     0.16683 ||  42
       2.08300 ||       10.08568 ||     6 ||   0.03315 ||  0.16685 ||     0.16685 ||  42
       4.94800 ||       10.08198 ||     7 ||   0.03869 ||  0.16131 ||     0.16131 ||  41
      66.66700 ||       10.17396 ||     5 ||   0.02739 ||  0.17261 ||     0.17261 ||  44
